"A" "R" "N" "D" "C" "Q" "E" "G" "H" "I" "L" "K" "M" "F" "P" "S" "T" "W" "Y" "V"
"A" 13 6 9 9 5 8 9 12 6 8 6 7 7 4 11 11 11 2 4 9
"R" 3 17 4 3 2 5 3 2 6 3 2 9 4 2 4 4 3 7 1 2
"N" 4 4 6 7 2 5 6 5 6 3 2 5 3 2 4 5 4 2 3 3
"D" 5 3 8 11 1 7 10 6 5 3 2 5 3 1 4 5 5 1 2 3
"C" 2 2 1 1 52 1 1 1 2 2 1 1 1 1 2 3 2 1 3 2
"Q" 3 5 5 6 1 10 7 3 7 2 3 5 3 1 4 3 3 1 1 2
"E" 5 4 7 11 2 9 12 5 6 3 3 5 3 2 5 5 5 1 2 3
"G" 12 5 10 10 4 7 9 27 5 5 4 6 5 3 8 11 9 2 3 7
"H" 2 5 5 4 2 7 4 2 15 2 2 3 2 2 3 3 2 2 3 2
"I" 3 2 2 2 2 2 2 2 2 10 6 2 6 4 2 3 4 1 3 9
"L" 5 4 4 3 2 6 4 3 5 15 34 5 20 12 5 4 6 6 7 13
"K" 6 17 10 8 2 9 8 5 8 5 4 23 9 2 6 8 8 4 3 5
"M" 1 1 1 1 0 1 1 1 1 2 4 2 7 1 1 1 1 1 1 2
"F" 2 2 2 1 2 1 1 2 3 5 6 1 4 31 1 2 2 4 20 3
"P" 7 5 5 4 3 5 5 5 5 3 3 4 3 2 19 6 5 1 2 4
"S" 9 7 8 8 7 6 7 9 6 5 4 7 5 3 9 10 9 4 3 6
"T" 8 5 6 6 4 5 5 6 4 6 4 6 5 3 6 8 10 2 3 6
"W" 0 2 0 0 0 0 0 0 0 0 0 0 0 1 0 1 0 55 1 0
"Y" 2 1 2 1 3 1 1 1 3 2 3 1 2 15 1 2 2 3 32 2
"V" 7 4 4 4 4 4 4 4 4 15 10 4 10 5 5 5 7 2 4 17
